
# Curve 0 of 1, 1000 points
# x y1 y2 type
 0  0.37501  0.37501  i
 0.0500501  0.377704  0.377704  i
 0.1001  0.380386  0.380386  i
 0.15015  0.383053  0.383053  i
 0.2002  0.385707  0.385707  i
 0.25025  0.388345  0.388345  i
 0.3003  0.390969  0.390969  i
 0.35035  0.393576  0.393576  i
 0.4004  0.396167  0.396167  i
 0.45045  0.398742  0.398742  i
 0.500501  0.401299  0.401299  i
 0.550551  0.403839  0.403839  i
 0.600601  0.406361  0.406361  i
 0.650651  0.408863  0.408863  i
 0.700701  0.411347  0.411347  i
 0.750751  0.413812  0.413812  i
 0.800801  0.416256  0.416256  i
 0.850851  0.41868  0.41868  i
 0.900901  0.421083  0.421083  i
 0.950951  0.423464  0.423464  i
 1.001  0.425824  0.425824  i
 1.05105  0.428162  0.428162  i
 1.1011  0.430477  0.430477  i
 1.15115  0.432769  0.432769  i
 1.2012  0.435038  0.435038  i
 1.25125  0.437282  0.437282  i
 1.3013  0.439503  0.439503  i
 1.35135  0.441699  0.441699  i
 1.4014  0.44387  0.44387  i
 1.45145  0.446015  0.446015  i
 1.5015  0.448135  0.448135  i
 1.55155  0.450229  0.450229  i
 1.6016  0.452296  0.452296  i
 1.65165  0.454336  0.454336  i
 1.7017  0.45635  0.45635  i
 1.75175  0.458335  0.458335  i
 1.8018  0.460293  0.460293  i
 1.85185  0.462223  0.462223  i
 1.9019  0.464124  0.464124  i
 1.95195  0.465997  0.465997  i
 2.002  0.467841  0.467841  i
 2.05205  0.469655  0.469655  i
 2.1021  0.47144  0.47144  i
 2.15215  0.473195  0.473195  i
 2.2022  0.474919  0.474919  i
 2.25225  0.476614  0.476614  i
 2.3023  0.478278  0.478278  i
 2.35235  0.479911  0.479911  i
 2.4024  0.481513  0.481513  i
 2.45245  0.483084  0.483084  i
 2.5025  0.484623  0.484623  i
 2.55255  0.486131  0.486131  i
 2.6026  0.487607  0.487607  i
 2.65265  0.489052  0.489052  i
 2.7027  0.490464  0.490464  i
 2.75275  0.491843  0.491843  i
 2.8028  0.493191  0.493191  i
 2.85285  0.494505  0.494505  i
 2.9029  0.495788  0.495788  i
 2.95295  0.497037  0.497037  i
 3.003  0.498254  0.498254  i
 3.05305  0.499437  0.499437  i
 3.1031  0.500588  0.500588  i
 3.15315  0.501705  0.501705  i
 3.2032  0.50279  0.50279  i
 3.25325  0.503841  0.503841  i
 3.3033  0.504859  0.504859  i
 3.35335  0.505843  0.505843  i
 3.4034  0.506795  0.506795  i
 3.45345  0.507713  0.507713  i
 3.5035  0.508597  0.508597  i
 3.55355  0.509449  0.509449  i
 3.6036  0.510267  0.510267  i
 3.65365  0.511052  0.511052  i
 3.7037  0.511803  0.511803  i
 3.75375  0.512522  0.512522  i
 3.8038  0.513207  0.513207  i
 3.85385  0.51386  0.51386  i
 3.9039  0.514479  0.514479  i
 3.95395  0.515066  0.515066  i
 4.004  0.51562  0.51562  i
 4.05405  0.516141  0.516141  i
 4.1041  0.51663  0.51663  i
 4.15415  0.517086  0.517086  i
 4.2042  0.51751  0.51751  i
 4.25425  0.517902  0.517902  i
 4.3043  0.518261  0.518261  i
 4.35435  0.518589  0.518589  i
 4.4044  0.518886  0.518886  i
 4.45445  0.51915  0.51915  i
 4.5045  0.519384  0.519384  i
 4.55455  0.519586  0.519586  i
 4.6046  0.519757  0.519757  i
 4.65465  0.519898  0.519898  i
 4.7047  0.520008  0.520008  i
 4.75475  0.520088  0.520088  i
 4.8048  0.520138  0.520138  i
 4.85485  0.520157  0.520157  i
 4.9049  0.520148  0.520148  i
 4.95495  0.520109  0.520109  i
 5.00501  0.52004  0.52004  i
 5.05506  0.519943  0.519943  i
 5.10511  0.519818  0.519818  i
 5.15516  0.519664  0.519664  i
 5.20521  0.519482  0.519482  i
 5.25526  0.519272  0.519272  i
 5.30531  0.519035  0.519035  i
 5.35536  0.51877  0.51877  i
 5.40541  0.518479  0.518479  i
 5.45546  0.518161  0.518161  i
 5.50551  0.517817  0.517817  i
 5.55556  0.517447  0.517447  i
 5.60561  0.517052  0.517052  i
 5.65566  0.516631  0.516631  i
 5.70571  0.516185  0.516185  i
 5.75576  0.515714  0.515714  i
 5.80581  0.515219  0.515219  i
 5.85586  0.5147  0.5147  i
 5.90591  0.514157  0.514157  i
 5.95596  0.513591  0.513591  i
 6.00601  0.513002  0.513002  i
 6.05606  0.51239  0.51239  i
 6.10611  0.511756  0.511756  i
 6.15616  0.5111  0.5111  i
 6.20621  0.510422  0.510422  i
 6.25626  0.509723  0.509723  i
 6.30631  0.509003  0.509003  i
 6.35636  0.508262  0.508262  i
 6.40641  0.507501  0.507501  i
 6.45646  0.50672  0.50672  i
 6.50651  0.50592  0.50592  i
 6.55656  0.505101  0.505101  i
 6.60661  0.504262  0.504262  i
 6.65666  0.503405  0.503405  i
 6.70671  0.50253  0.50253  i
 6.75676  0.501637  0.501637  i
 6.80681  0.500727  0.500727  i
 6.85686  0.4998  0.4998  i
 6.90691  0.498855  0.498855  i
 6.95696  0.497895  0.497895  i
 7.00701  0.496918  0.496918  i
 7.05706  0.495926  0.495926  i
 7.10711  0.494918  0.494918  i
 7.15716  0.493895  0.493895  i
 7.20721  0.492857  0.492857  i
 7.25726  0.491805  0.491805  i
 7.30731  0.490739  0.490739  i
 7.35736  0.489659  0.489659  i
 7.40741  0.488566  0.488566  i
 7.45746  0.487459  0.487459  i
 7.50751  0.48634  0.48634  i
 7.55756  0.485208  0.485208  i
 7.60761  0.484064  0.484064  i
 7.65766  0.482908  0.482908  i
 7.70771  0.48174  0.48174  i
 7.75776  0.480561  0.480561  i
 7.80781  0.479372  0.479372  i
 7.85786  0.478171  0.478171  i
 7.90791  0.47696  0.47696  i
 7.95796  0.475739  0.475739  i
 8.00801  0.474508  0.474508  i
 8.05806  0.473267  0.473267  i
 8.10811  0.472017  0.472017  i
 8.15816  0.470758  0.470758  i
 8.20821  0.46949  0.46949  i
 8.25826  0.468213  0.468213  i
 8.30831  0.466928  0.466928  i
 8.35836  0.465635  0.465635  i
 8.40841  0.464334  0.464334  i
 8.45846  0.463025  0.463025  i
 8.50851  0.461709  0.461709  i
 8.55856  0.460386  0.460386  i
 8.60861  0.459055  0.459055  i
 8.65866  0.457718  0.457718  i
 8.70871  0.456374  0.456374  i
 8.75876  0.455024  0.455024  i
 8.80881  0.453667  0.453667  i
 8.85886  0.452305  0.452305  i
 8.90891  0.450936  0.450936  i
 8.95896  0.449562  0.449562  i
 9.00901  0.448182  0.448182  i
 9.05906  0.446797  0.446797  i
 9.10911  0.445407  0.445407  i
 9.15916  0.444011  0.444011  i
 9.20921  0.442611  0.442611  i
 9.25926  0.441205  0.441205  i
 9.30931  0.439795  0.439795  i
 9.35936  0.438381  0.438381  i
 9.40941  0.436962  0.436962  i
 9.45946  0.435539  0.435539  i
 9.50951  0.434111  0.434111  i
 9.55956  0.432679  0.432679  i
 9.60961  0.431244  0.431244  i
 9.65966  0.429804  0.429804  i
 9.70971  0.428361  0.428361  i
 9.75976  0.426913  0.426913  i
 9.80981  0.425462  0.425462  i
 9.85986  0.424008  0.424008  i
 9.90991  0.42255  0.42255  i
 9.95996  0.421088  0.421088  i
 10.01  0.419623  0.419623  i
 10.0601  0.418154  0.418154  i
 10.1101  0.416683  0.416683  i
 10.1602  0.415208  0.415208  i
 10.2102  0.413729  0.413729  i
 10.2603  0.412247  0.412247  i
 10.3103  0.410763  0.410763  i
 10.3604  0.409275  0.409275  i
 10.4104  0.407783  0.407783  i
 10.4605  0.406289  0.406289  i
 10.5105  0.404792  0.404792  i
 10.5606  0.403291  0.403291  i
 10.6106  0.401787  0.401787  i
 10.6607  0.40028  0.40028  i
 10.7107  0.39877  0.39877  i
 10.7608  0.397257  0.397257  i
 10.8108  0.395741  0.395741  i
 10.8609  0.394222  0.394222  i
 10.9109  0.392699  0.392699  i
 10.961  0.391173  0.391173  i
 11.011  0.389644  0.389644  i
 11.0611  0.388112  0.388112  i
 11.1111  0.386577  0.386577  i
 11.1612  0.385038  0.385038  i
 11.2112  0.383496  0.383496  i
 11.2613  0.381951  0.381951  i
 11.3113  0.380402  0.380402  i
 11.3614  0.37885  0.37885  i
 11.4114  0.377295  0.377295  i
 11.4615  0.375736  0.375736  i
 11.5115  0.374174  0.374174  i
 11.5616  0.372608  0.372608  i
 11.6116  0.371038  0.371038  i
 11.6617  0.369465  0.369465  i
 11.7117  0.367888  0.367888  i
 11.7618  0.366308  0.366308  i
 11.8118  0.364724  0.364724  i
 11.8619  0.363136  0.363136  i
 11.9119  0.361544  0.361544  i
 11.962  0.359948  0.359948  i
 12.012  0.358349  0.358349  i
 12.0621  0.356745  0.356745  i
 12.1121  0.355138  0.355138  i
 12.1622  0.353526  0.353526  i
 12.2122  0.35191  0.35191  i
 12.2623  0.350291  0.350291  i
 12.3123  0.348667  0.348667  i
 12.3624  0.347039  0.347039  i
 12.4124  0.345407  0.345407  i
 12.4625  0.34377  0.34377  i
 12.5125  0.342129  0.342129  i
 12.5626  0.340484  0.340484  i
 12.6126  0.338835  0.338835  i
 12.6627  0.337181  0.337181  i
 12.7127  0.335523  0.335523  i
 12.7628  0.33386  0.33386  i
 12.8128  0.332193  0.332193  i
 12.8629  0.330522  0.330522  i
 12.9129  0.328846  0.328846  i
 12.963  0.327166  0.327166  i
 13.013  0.325481  0.325481  i
 13.0631  0.323791  0.323791  i
 13.1131  0.322097  0.322097  i
 13.1632  0.320399  0.320399  i
 13.2132  0.318696  0.318696  i
 13.2633  0.316988  0.316988  i
 13.3133  0.315276  0.315276  i
 13.3634  0.313559  0.313559  i
 13.4134  0.311838  0.311838  i
 13.4635  0.310112  0.310112  i
 13.5135  0.308382  0.308382  i
 13.5636  0.306648  0.306648  i
 13.6136  0.304909  0.304909  i
 13.6637  0.303165  0.303165  i
 13.7137  0.301418  0.301418  i
 13.7638  0.299665  0.299665  i
 13.8138  0.297909  0.297909  i
 13.8639  0.296148  0.296148  i
 13.9139  0.294383  0.294383  i
 13.964  0.292614  0.292614  i
 14.014  0.29084  0.29084  i
 14.0641  0.289063  0.289063  i
 14.1141  0.287282  0.287282  i
 14.1642  0.285496  0.285496  i
 14.2142  0.283707  0.283707  i
 14.2643  0.281913  0.281913  i
 14.3143  0.280116  0.280116  i
 14.3644  0.278316  0.278316  i
 14.4144  0.276511  0.276511  i
 14.4645  0.274703  0.274703  i
 14.5145  0.272892  0.272892  i
 14.5646  0.271077  0.271077  i
 14.6146  0.269259  0.269259  i
 14.6647  0.267438  0.267438  i
 14.7147  0.265614  0.265614  i
 14.7648  0.263786  0.263786  i
 14.8148  0.261956  0.261956  i
 14.8649  0.260123  0.260123  i
 14.9149  0.258287  0.258287  i
 14.965  0.256449  0.256449  i
 15.015  0.254608  0.254608  i
 15.0651  0.252765  0.252765  i
 15.1151  0.25092  0.25092  i
 15.1652  0.249073  0.249073  i
 15.2152  0.247223  0.247223  i
 15.2653  0.245372  0.245372  i
 15.3153  0.243519  0.243519  i
 15.3654  0.241665  0.241665  i
 15.4154  0.239809  0.239809  i
 15.4655  0.237952  0.237952  i
 15.5155  0.236094  0.236094  i
 15.5656  0.234235  0.234235  i
 15.6156  0.232375  0.232375  i
 15.6657  0.230514  0.230514  i
 15.7157  0.228653  0.228653  i
 15.7658  0.226791  0.226791  i
 15.8158  0.22493  0.22493  i
 15.8659  0.223068  0.223068  i
 15.9159  0.221206  0.221206  i
 15.966  0.219345  0.219345  i
 16.016  0.217484  0.217484  i
 16.0661  0.215623  0.215623  i
 16.1161  0.213764  0.213764  i
 16.1662  0.211905  0.211905  i
 16.2162  0.210048  0.210048  i
 16.2663  0.208192  0.208192  i
 16.3163  0.206337  0.206337  i
 16.3664  0.204484  0.204484  i
 16.4164  0.202632  0.202632  i
 16.4665  0.200783  0.200783  i
 16.5165  0.198936  0.198936  i
 16.5666  0.197091  0.197091  i
 16.6166  0.195249  0.195249  i
 16.6667  0.19341  0.19341  i
 16.7167  0.191573  0.191573  i
 16.7668  0.18974  0.18974  i
 16.8168  0.187909  0.187909  i
 16.8669  0.186082  0.186082  i
 16.9169  0.184259  0.184259  i
 16.967  0.18244  0.18244  i
 17.017  0.180624  0.180624  i
 17.0671  0.178813  0.178813  i
 17.1171  0.177006  0.177006  i
 17.1672  0.175204  0.175204  i
 17.2172  0.173406  0.173406  i
 17.2673  0.171614  0.171614  i
 17.3173  0.169826  0.169826  i
 17.3674  0.168043  0.168043  i
 17.4174  0.166266  0.166266  i
 17.4675  0.164495  0.164495  i
 17.5175  0.162729  0.162729  i
 17.5676  0.160969  0.160969  i
 17.6176  0.159216  0.159216  i
 17.6677  0.157468  0.157468  i
 17.7177  0.155728  0.155728  i
 17.7678  0.153993  0.153993  i
 17.8178  0.152266  0.152266  i
 17.8679  0.150545  0.150545  i
 17.9179  0.148832  0.148832  i
 17.968  0.147126  0.147126  i
 18.018  0.145427  0.145427  i
 18.0681  0.143736  0.143736  i
 18.1181  0.142053  0.142053  i
 18.1682  0.140377  0.140377  i
 18.2182  0.13871  0.13871  i
 18.2683  0.137051  0.137051  i
 18.3183  0.1354  0.1354  i
 18.3684  0.133758  0.133758  i
 18.4184  0.132125  0.132125  i
 18.4685  0.1305  0.1305  i
 18.5185  0.128884  0.128884  i
 18.5686  0.127277  0.127277  i
 18.6186  0.12568  0.12568  i
 18.6687  0.124092  0.124092  i
 18.7187  0.122513  0.122513  i
 18.7688  0.120944  0.120944  i
 18.8188  0.119384  0.119384  i
 18.8689  0.117835  0.117835  i
 18.9189  0.116295  0.116295  i
 18.969  0.114766  0.114766  i
 19.019  0.113246  0.113246  i
 19.0691  0.111737  0.111737  i
 19.1191  0.110238  0.110238  i
 19.1692  0.10875  0.10875  i
 19.2192  0.107272  0.107272  i
 19.2693  0.105805  0.105805  i
 19.3193  0.104349  0.104349  i
 19.3694  0.102904  0.102904  i
 19.4194  0.10147  0.10147  i
 19.4695  0.100046  0.100046  i
 19.5195  0.0986343  0.0986343  i
 19.5696  0.0972333  0.0972333  i
 19.6196  0.0958436  0.0958436  i
 19.6697  0.0944653  0.0944653  i
 19.7197  0.0930984  0.0930984  i
 19.7698  0.091743  0.091743  i
 19.8198  0.0903991  0.0903991  i
 19.8699  0.0890668  0.0890668  i
 19.9199  0.0877462  0.0877462  i
 19.97  0.0864373  0.0864373  i
 20.02  0.0851402  0.0851402  i
 20.0701  0.0838549  0.0838549  i
 20.1201  0.0825814  0.0825814  i
 20.1702  0.0813198  0.0813198  i
 20.2202  0.0800702  0.0800702  i
 20.2703  0.0788325  0.0788325  i
 20.3203  0.0776068  0.0776068  i
 20.3704  0.0763931  0.0763931  i
 20.4204  0.0751915  0.0751915  i
 20.4705  0.0740019  0.0740019  i
 20.5205  0.0728244  0.0728244  i
 20.5706  0.0716591  0.0716591  i
 20.6206  0.0705058  0.0705058  i
 20.6707  0.0693646  0.0693646  i
 20.7207  0.0682356  0.0682356  i
 20.7708  0.0671187  0.0671187  i
 20.8208  0.0660139  0.0660139  i
 20.8709  0.0649213  0.0649213  i
 20.9209  0.0638407  0.0638407  i
 20.971  0.0627723  0.0627723  i
 21.021  0.061716  0.061716  i
 21.0711  0.0606717  0.0606717  i
 21.1211  0.0596396  0.0596396  i
 21.1712  0.0586195  0.0586195  i
 21.2212  0.0576114  0.0576114  i
 21.2713  0.0566153  0.0566153  i
 21.3213  0.0556312  0.0556312  i
 21.3714  0.0546591  0.0546591  i
 21.4214  0.0536988  0.0536988  i
 21.4715  0.0527505  0.0527505  i
 21.5215  0.051814  0.051814  i
 21.5716  0.0508892  0.0508892  i
 21.6216  0.0499763  0.0499763  i
 21.6717  0.0490751  0.0490751  i
 21.7217  0.0481855  0.0481855  i
 21.7718  0.0473076  0.0473076  i
 21.8218  0.0464413  0.0464413  i
 21.8719  0.0455865  0.0455865  i
 21.9219  0.0447431  0.0447431  i
 21.972  0.0439112  0.0439112  i
 22.022  0.0430906  0.0430906  i
 22.0721  0.0422813  0.0422813  i
 22.1221  0.0414832  0.0414832  i
 22.1722  0.0406963  0.0406963  i
 22.2222  0.0399206  0.0399206  i
 22.2723  0.0391558  0.0391558  i
 22.3223  0.038402  0.038402  i
 22.3724  0.0376591  0.0376591  i
 22.4224  0.0369271  0.0369271  i
 22.4725  0.0362058  0.0362058  i
 22.5225  0.0354951  0.0354951  i
 22.5726  0.0347951  0.0347951  i
 22.6226  0.0341056  0.0341056  i
 22.6727  0.0334265  0.0334265  i
 22.7227  0.0327578  0.0327578  i
 22.7728  0.0320993  0.0320993  i
 22.8228  0.0314511  0.0314511  i
 22.8729  0.030813  0.030813  i
 22.9229  0.0301849  0.0301849  i
 22.973  0.0295667  0.0295667  i
 23.023  0.0289584  0.0289584  i
 23.0731  0.0283599  0.0283599  i
 23.1231  0.027771  0.027771  i
 23.1732  0.0271918  0.0271918  i
 23.2232  0.026622  0.026622  i
 23.2733  0.0260617  0.0260617  i
 23.3233  0.0255106  0.0255106  i
 23.3734  0.0249688  0.0249688  i
 23.4234  0.0244361  0.0244361  i
 23.4735  0.0239125  0.0239125  i
 23.5235  0.0233978  0.0233978  i
 23.5736  0.0228919  0.0228919  i
 23.6236  0.0223948  0.0223948  i
 23.6737  0.0219064  0.0219064  i
 23.7237  0.0214265  0.0214265  i
 23.7738  0.0209551  0.0209551  i
 23.8238  0.0204921  0.0204921  i
 23.8739  0.0200374  0.0200374  i
 23.9239  0.0195908  0.0195908  i
 23.974  0.0191523  0.0191523  i
 24.024  0.0187218  0.0187218  i
 24.0741  0.0182991  0.0182991  i
 24.1241  0.0178843  0.0178843  i
 24.1742  0.0174772  0.0174772  i
 24.2242  0.0170776  0.0170776  i
 24.2743  0.0166856  0.0166856  i
 24.3243  0.0163009  0.0163009  i
 24.3744  0.0159236  0.0159236  i
 24.4244  0.0155535  0.0155535  i
 24.4745  0.0151905  0.0151905  i
 24.5245  0.0148345  0.0148345  i
 24.5746  0.0144854  0.0144854  i
 24.6246  0.0141431  0.0141431  i
 24.6747  0.0138076  0.0138076  i
 24.7247  0.0134787  0.0134787  i
 24.7748  0.0131564  0.0131564  i
 24.8248  0.0128405  0.0128405  i
 24.8749  0.0125309  0.0125309  i
 24.9249  0.0122277  0.0122277  i
 24.975  0.0119305  0.0119305  i
 25.025  0.0116395  0.0116395  i
 25.0751  0.0113544  0.0113544  i
 25.1251  0.0110752  0.0110752  i
 25.1752  0.0108019  0.0108019  i
 25.2252  0.0105342  0.0105342  i
 25.2753  0.0102722  0.0102722  i
 25.3253  0.0100156  0.0100156  i
 25.3754  0.00976458  0.00976458  i
 25.4254  0.00951886  0.00951886  i
 25.4755  0.00927841  0.00927841  i
 25.5255  0.00904314  0.00904314  i
 25.5756  0.00881297  0.00881297  i
 25.6256  0.00858781  0.00858781  i
 25.6757  0.00836757  0.00836757  i
 25.7257  0.00815218  0.00815218  i
 25.7758  0.00794154  0.00794154  i
 25.8258  0.00773559  0.00773559  i
 25.8759  0.00753423  0.00753423  i
 25.9259  0.00733738  0.00733738  i
 25.976  0.00714497  0.00714497  i
 26.026  0.00695692  0.00695692  i
 26.0761  0.00677315  0.00677315  i
 26.1261  0.00659358  0.00659358  i
 26.1762  0.00641814  0.00641814  i
 26.2262  0.00624674  0.00624674  i
 26.2763  0.00607932  0.00607932  i
 26.3263  0.0059158  0.0059158  i
 26.3764  0.00575611  0.00575611  i
 26.4264  0.00560018  0.00560018  i
 26.4765  0.00544792  0.00544792  i
 26.5265  0.00529929  0.00529929  i
 26.5766  0.00515419  0.00515419  i
 26.6266  0.00501258  0.00501258  i
 26.6767  0.00487437  0.00487437  i
 26.7267  0.0047395  0.0047395  i
 26.7768  0.0046079  0.0046079  i
 26.8268  0.00447952  0.00447952  i
 26.8769  0.00435428  0.00435428  i
 26.9269  0.00423212  0.00423212  i
 26.977  0.00411298  0.00411298  i
 27.027  0.00399679  0.00399679  i
 27.0771  0.00388351  0.00388351  i
 27.1271  0.00377306  0.00377306  i
 27.1772  0.00366538  0.00366538  i
 27.2272  0.00356043  0.00356043  i
 27.2773  0.00345814  0.00345814  i
 27.3273  0.00335845  0.00335845  i
 27.3774  0.00326131  0.00326131  i
 27.4274  0.00316667  0.00316667  i
 27.4775  0.00307447  0.00307447  i
 27.5275  0.00298465  0.00298465  i
 27.5776  0.00289717  0.00289717  i
 27.6276  0.00281198  0.00281198  i
 27.6777  0.00272902  0.00272902  i
 27.7277  0.00264824  0.00264824  i
 27.7778  0.0025696  0.0025696  i
 27.8278  0.00249304  0.00249304  i
 27.8779  0.00241853  0.00241853  i
 27.9279  0.00234601  0.00234601  i
 27.978  0.00227544  0.00227544  i
 28.028  0.00220677  0.00220677  i
 28.0781  0.00213996  0.00213996  i
 28.1281  0.00207496  0.00207496  i
 28.1782  0.00201174  0.00201174  i
 28.2282  0.00195025  0.00195025  i
 28.2783  0.00189046  0.00189046  i
 28.3283  0.00183231  0.00183231  i
 28.3784  0.00177578  0.00177578  i
 28.4284  0.00172081  0.00172081  i
 28.4785  0.00166739  0.00166739  i
 28.5285  0.00161546  0.00161546  i
 28.5786  0.00156499  0.00156499  i
 28.6286  0.00151595  0.00151595  i
 28.6787  0.0014683  0.0014683  i
 28.7287  0.001422  0.001422  i
 28.7788  0.00137703  0.00137703  i
 28.8288  0.00133334  0.00133334  i
 28.8789  0.00129092  0.00129092  i
 28.9289  0.00124972  0.00124972  i
 28.979  0.00120971  0.00120971  i
 29.029  0.00117087  0.00117087  i
 29.0791  0.00113316  0.00113316  i
 29.1291  0.00109655  0.00109655  i
 29.1792  0.00106103  0.00106103  i
 29.2292  0.00102655  0.00102655  i
 29.2793  0.00099309  0.00099309  i
 29.3293  0.000960628  0.000960628  i
 29.3794  0.000929133  0.000929133  i
 29.4294  0.000898582  0.000898582  i
 29.4795  0.000868948  0.000868948  i
 29.5295  0.000840208  0.000840208  i
 29.5796  0.000812338  0.000812338  i
 29.6296  0.000785313  0.000785313  i
 29.6797  0.000759112  0.000759112  i
 29.7297  0.000733712  0.000733712  i
 29.7798  0.00070909  0.00070909  i
 29.8298  0.000685227  0.000685227  i
 29.8799  0.000662101  0.000662101  i
 29.9299  0.000639691  0.000639691  i
 29.98  0.000617978  0.000617978  i
 30.03  0.000596942  0.000596942  i
 30.0801  0.000576565  0.000576565  i
 30.1301  0.000556828  0.000556828  i
 30.1802  0.000537713  0.000537713  i
 30.2302  0.000519202  0.000519202  i
 30.2803  0.000501278  0.000501278  i
 30.3303  0.000483925  0.000483925  i
 30.3804  0.000467125  0.000467125  i
 30.4304  0.000450864  0.000450864  i
 30.4805  0.000435126  0.000435126  i
 30.5305  0.000419895  0.000419895  i
 30.5806  0.000405156  0.000405156  i
 30.6306  0.000390896  0.000390896  i
 30.6807  0.0003771  0.0003771  i
 30.7307  0.000363755  0.000363755  i
 30.7808  0.000350847  0.000350847  i
 30.8308  0.000338363  0.000338363  i
 30.8809  0.00032629  0.00032629  i
 30.9309  0.000314617  0.000314617  i
 30.981  0.000303332  0.000303332  i
 31.031  0.000292421  0.000292421  i
 31.0811  0.000281876  0.000281876  i
 31.1311  0.000271683  0.000271683  i
 31.1812  0.000261832  0.000261832  i
 31.2312  0.000252314  0.000252314  i
 31.2813  0.000243117  0.000243117  i
 31.3313  0.000234232  0.000234232  i
 31.3814  0.00022565  0.00022565  i
 31.4314  0.00021736  0.00021736  i
 31.4815  0.000209353  0.000209353  i
 31.5315  0.000201621  0.000201621  i
 31.5816  0.000194156  0.000194156  i
 31.6316  0.000186948  0.000186948  i
 31.6817  0.00017999  0.00017999  i
 31.7317  0.000173273  0.000173273  i
 31.7818  0.000166791  0.000166791  i
 31.8318  0.000160535  0.000160535  i
 31.8819  0.000154498  0.000154498  i
 31.9319  0.000148673  0.000148673  i
 31.982  0.000143054  0.000143054  i
 32.032  0.000137633  0.000137633  i
 32.0821  0.000132404  0.000132404  i
 32.1321  0.000127361  0.000127361  i
 32.1822  0.000122498  0.000122498  i
 32.2322  0.000117809  0.000117809  i
 32.2823  0.000113288  0.000113288  i
 32.3323  0.00010893  0.00010893  i
 32.3824  0.000104729  0.000104729  i
 32.4324  0.00010068  0.00010068  i
 32.4825  9.67774e-05  9.67774e-05  i
 32.5325  9.3017e-05  9.3017e-05  i
 32.5826  8.93938e-05  8.93938e-05  i
 32.6326  8.59031e-05  8.59031e-05  i
 32.6827  8.25405e-05  8.25405e-05  i
 32.7327  7.93016e-05  7.93016e-05  i
 32.7828  7.61822e-05  7.61822e-05  i
 32.8328  7.31781e-05  7.31781e-05  i
 32.8829  7.02854e-05  7.02854e-05  i
 32.9329  6.75004e-05  6.75004e-05  i
 32.983  6.48192e-05  6.48192e-05  i
 33.033  6.22383e-05  6.22383e-05  i
 33.0831  5.97542e-05  5.97542e-05  i
 33.1331  5.73635e-05  5.73635e-05  i
 33.1832  5.50629e-05  5.50629e-05  i
 33.2332  5.28493e-05  5.28493e-05  i
 33.2833  5.07196e-05  5.07196e-05  i
 33.3333  4.86708e-05  4.86708e-05  i
 33.3834  4.67002e-05  4.67002e-05  i
 33.4334  4.48048e-05  4.48048e-05  i
 33.4835  4.29821e-05  4.29821e-05  i
 33.5335  4.12294e-05  4.12294e-05  i
 33.5836  3.95442e-05  3.95442e-05  i
 33.6336  3.79241e-05  3.79241e-05  i
 33.6837  3.63667e-05  3.63667e-05  i
 33.7337  3.48698e-05  3.48698e-05  i
 33.7838  3.34312e-05  3.34312e-05  i
 33.8338  3.20487e-05  3.20487e-05  i
 33.8839  3.07203e-05  3.07203e-05  i
 33.9339  2.9444e-05  2.9444e-05  i
 33.984  2.82179e-05  2.82179e-05  i
 34.034  2.70402e-05  2.70402e-05  i
 34.0841  2.5909e-05  2.5909e-05  i
 34.1341  2.48226e-05  2.48226e-05  i
 34.1842  2.37795e-05  2.37795e-05  i
 34.2342  2.27779e-05  2.27779e-05  i
 34.2843  2.18162e-05  2.18162e-05  i
 34.3343  2.08931e-05  2.08931e-05  i
 34.3844  2.00071e-05  2.00071e-05  i
 34.4344  1.91567e-05  1.91567e-05  i
 34.4845  1.83406e-05  1.83406e-05  i
 34.5345  1.75575e-05  1.75575e-05  i
 34.5846  1.68062e-05  1.68062e-05  i
 34.6346  1.60854e-05  1.60854e-05  i
 34.6847  1.5394e-05  1.5394e-05  i
 34.7347  1.47309e-05  1.47309e-05  i
 34.7848  1.40948e-05  1.40948e-05  i
 34.8348  1.34849e-05  1.34849e-05  i
 34.8849  1.29001e-05  1.29001e-05  i
 34.9349  1.23395e-05  1.23395e-05  i
 34.985  1.1802e-05  1.1802e-05  i
 35.035  1.12868e-05  1.12868e-05  i
 35.0851  1.0793e-05  1.0793e-05  i
 35.1351  1.03198e-05  1.03198e-05  i
 35.1852  9.86629e-06  9.86629e-06  i
 35.2352  9.4318e-06  9.4318e-06  i
 35.2853  9.01555e-06  9.01555e-06  i
 35.3353  8.6168e-06  8.6168e-06  i
 35.3854  8.23487e-06  8.23487e-06  i
 35.4354  7.86908e-06  7.86908e-06  i
 35.4855  7.51878e-06  7.51878e-06  i
 35.5355  7.18335e-06  7.18335e-06  i
 35.5856  6.86221e-06  6.86221e-06  i
 35.6356  6.55476e-06  6.55476e-06  i
 35.6857  6.26046e-06  6.26046e-06  i
 35.7357  5.97878e-06  5.97878e-06  i
 35.7858  5.7092e-06  5.7092e-06  i
 35.8358  5.45123e-06  5.45123e-06  i
 35.8859  5.20439e-06  5.20439e-06  i
 35.9359  4.96823e-06  4.96823e-06  i
 35.986  4.74231e-06  4.74231e-06  i
 36.036  4.52622e-06  4.52622e-06  i
 36.0861  4.31954e-06  4.31954e-06  i
 36.1361  4.12188e-06  4.12188e-06  i
 36.1862  3.93287e-06  3.93287e-06  i
 36.2362  3.75216e-06  3.75216e-06  i
 36.2863  3.57939e-06  3.57939e-06  i
 36.3363  3.41423e-06  3.41423e-06  i
 36.3864  3.25637e-06  3.25637e-06  i
 36.4364  3.10549e-06  3.10549e-06  i
 36.4865  2.96131e-06  2.96131e-06  i
 36.5365  2.82354e-06  2.82354e-06  i
 36.5866  2.69191e-06  2.69191e-06  i
 36.6366  2.56616e-06  2.56616e-06  i
 36.6867  2.44604e-06  2.44604e-06  i
 36.7367  2.33131e-06  2.33131e-06  i
 36.7868  2.22173e-06  2.22173e-06  i
 36.8368  2.1171e-06  2.1171e-06  i
 36.8869  2.01719e-06  2.01719e-06  i
 36.9369  1.9218e-06  1.9218e-06  i
 36.987  1.83074e-06  1.83074e-06  i
 37.037  1.74382e-06  1.74382e-06  i
 37.0871  1.66086e-06  1.66086e-06  i
 37.1371  1.58169e-06  1.58169e-06  i
 37.1872  1.50615e-06  1.50615e-06  i
 37.2372  1.43406e-06  1.43406e-06  i
 37.2873  1.36529e-06  1.36529e-06  i
 37.3373  1.29969e-06  1.29969e-06  i
 37.3874  1.23712e-06  1.23712e-06  i
 37.4374  1.17744e-06  1.17744e-06  i
 37.4875  1.12052e-06  1.12052e-06  i
 37.5375  1.06626e-06  1.06626e-06  i
 37.5876  1.01451e-06  1.01451e-06  i
 37.6376  9.65186e-07  9.65186e-07  i
 37.6877  9.18164e-07  9.18164e-07  i
 37.7377  8.73346e-07  8.73346e-07  i
 37.7878  8.30633e-07  8.30633e-07  i
 37.8378  7.89929e-07  7.89929e-07  i
 37.8879  7.51145e-07  7.51145e-07  i
 37.9379  7.14193e-07  7.14193e-07  i
 37.988  6.78991e-07  6.78991e-07  i
 38.038  6.4546e-07  6.4546e-07  i
 38.0881  6.13523e-07  6.13523e-07  i
 38.1381  5.83108e-07  5.83108e-07  i
 38.1882  5.54145e-07  5.54145e-07  i
 38.2382  5.26568e-07  5.26568e-07  i
 38.2883  5.00313e-07  5.00313e-07  i
 38.3383  4.7532e-07  4.7532e-07  i
 38.3884  4.5153e-07  4.5153e-07  i
 38.4384  4.28888e-07  4.28888e-07  i
 38.4885  4.0734e-07  4.0734e-07  i
 38.5385  3.86836e-07  3.86836e-07  i
 38.5886  3.67327e-07  3.67327e-07  i
 38.6386  3.48768e-07  3.48768e-07  i
 38.6887  3.31113e-07  3.31113e-07  i
 38.7387  3.1432e-07  3.1432e-07  i
 38.7888  2.98349e-07  2.98349e-07  i
 38.8388  2.83161e-07  2.83161e-07  i
 38.8889  2.68719e-07  2.68719e-07  i
 38.9389  2.54988e-07  2.54988e-07  i
 38.989  2.41935e-07  2.41935e-07  i
 39.039  2.29527e-07  2.29527e-07  i
 39.0891  2.17733e-07  2.17733e-07  i
 39.1391  2.06525e-07  2.06525e-07  i
 39.1892  1.95874e-07  1.95874e-07  i
 39.2392  1.85754e-07  1.85754e-07  i
 39.2893  1.76139e-07  1.76139e-07  i
 39.3393  1.67005e-07  1.67005e-07  i
 39.3894  1.58329e-07  1.58329e-07  i
 39.4394  1.50088e-07  1.50088e-07  i
 39.4895  1.42262e-07  1.42262e-07  i
 39.5395  1.34831e-07  1.34831e-07  i
 39.5896  1.27775e-07  1.27775e-07  i
 39.6396  1.21076e-07  1.21076e-07  i
 39.6897  1.14717e-07  1.14717e-07  i
 39.7397  1.08681e-07  1.08681e-07  i
 39.7898  1.02952e-07  1.02952e-07  i
 39.8398  9.75158e-08  9.75158e-08  i
 39.8899  9.2357e-08  9.2357e-08  i
 39.9399  8.74625e-08  8.74625e-08  i
 39.99  8.2819e-08  8.2819e-08  i
 40.04  7.84142e-08  7.84142e-08  i
 40.0901  7.42362e-08  7.42362e-08  i
 40.1401  7.02738e-08  7.02738e-08  i
 40.1902  6.65162e-08  6.65162e-08  i
 40.2402  6.29533e-08  6.29533e-08  i
 40.2903  5.95752e-08  5.95752e-08  i
 40.3403  5.63727e-08  5.63727e-08  i
 40.3904  5.33371e-08  5.33371e-08  i
 40.4404  5.04598e-08  5.04598e-08  i
 40.4905  4.7733e-08  4.7733e-08  i
 40.5405  4.5149e-08  4.5149e-08  i
 40.5906  4.27007e-08  4.27007e-08  i
 40.6406  4.0381e-08  4.0381e-08  i
 40.6907  3.81835e-08  3.81835e-08  i
 40.7407  3.6102e-08  3.6102e-08  i
 40.7908  3.41306e-08  3.41306e-08  i
 40.8408  3.22636e-08  3.22636e-08  i
 40.8909  3.04956e-08  3.04956e-08  i
 40.9409  2.88216e-08  2.88216e-08  i
 40.991  2.72368e-08  2.72368e-08  i
 41.041  2.57366e-08  2.57366e-08  i
 41.0911  2.43166e-08  2.43166e-08  i
 41.1411  2.29726e-08  2.29726e-08  i
 41.1912  2.17007e-08  2.17007e-08  i
 41.2412  2.04972e-08  2.04972e-08  i
 41.2913  1.93585e-08  1.93585e-08  i
 41.3413  1.82812e-08  1.82812e-08  i
 41.3914  1.72621e-08  1.72621e-08  i
 41.4414  1.62982e-08  1.62982e-08  i
 41.4915  1.53866e-08  1.53866e-08  i
 41.5415  1.45246e-08  1.45246e-08  i
 41.5916  1.37094e-08  1.37094e-08  i
 41.6416  1.29387e-08  1.29387e-08  i
 41.6917  1.22101e-08  1.22101e-08  i
 41.7417  1.15214e-08  1.15214e-08  i
 41.7918  1.08704e-08  1.08704e-08  i
 41.8418  1.02552e-08  1.02552e-08  i
 41.8919  9.67386e-09  9.67386e-09  i
 41.9419  9.12454e-09  9.12454e-09  i
 41.992  8.60555e-09  8.60555e-09  i
 42.042  8.11527e-09  8.11527e-09  i
 42.0921  7.65215e-09  7.65215e-09  i
 42.1421  7.21474e-09  7.21474e-09  i
 42.1922  6.80165e-09  6.80165e-09  i
 42.2422  6.41157e-09  6.41157e-09  i
 42.2923  6.04326e-09  6.04326e-09  i
 42.3423  5.69553e-09  5.69553e-09  i
 42.3924  5.36728e-09  5.36728e-09  i
 42.4424  5.05743e-09  5.05743e-09  i
 42.4925  4.765e-09  4.765e-09  i
 42.5425  4.48902e-09  4.48902e-09  i
 42.5926  4.22861e-09  4.22861e-09  i
 42.6426  3.9829e-09  3.9829e-09  i
 42.6927  3.75109e-09  3.75109e-09  i
 42.7427  3.53243e-09  3.53243e-09  i
 42.7928  3.32617e-09  3.32617e-09  i
 42.8428  3.13164e-09  3.13164e-09  i
 42.8929  2.9482e-09  2.9482e-09  i
 42.9429  2.77522e-09  2.77522e-09  i
 42.993  2.61213e-09  2.61213e-09  i
 43.043  2.45838e-09  2.45838e-09  i
 43.0931  2.31345e-09  2.31345e-09  i
 43.1431  2.17684e-09  2.17684e-09  i
 43.1932  2.04809e-09  2.04809e-09  i
 43.2432  1.92677e-09  1.92677e-09  i
 43.2933  1.81245e-09  1.81245e-09  i
 43.3433  1.70474e-09  1.70474e-09  i
 43.3934  1.60328e-09  1.60328e-09  i
 43.4434  1.5077e-09  1.5077e-09  i
 43.4935  1.41767e-09  1.41767e-09  i
 43.5435  1.33289e-09  1.33289e-09  i
 43.5936  1.25306e-09  1.25306e-09  i
 43.6436  1.17788e-09  1.17788e-09  i
 43.6937  1.10711e-09  1.10711e-09  i
 43.7437  1.04048e-09  1.04048e-09  i
 43.7938  9.7777e-10  9.7777e-10  i
 43.8438  9.18744e-10  9.18744e-10  i
 43.8939  8.63194e-10  8.63194e-10  i
 43.9439  8.10922e-10  8.10922e-10  i
 43.994  7.61739e-10  7.61739e-10  i
 44.044  7.15468e-10  7.15468e-10  i
 44.0941  6.71939e-10  6.71939e-10  i
 44.1441  6.30996e-10  6.30996e-10  i
 44.1942  5.92488e-10  5.92488e-10  i
 44.2442  5.56275e-10  5.56275e-10  i
 44.2943  5.22222e-10  5.22222e-10  i
 44.3443  4.90205e-10  4.90205e-10  i
 44.3944  4.60105e-10  4.60105e-10  i
 44.4444  4.3181e-10  4.3181e-10  i
 44.4945  4.05214e-10  4.05214e-10  i
 44.5445  3.80218e-10  3.80218e-10  i
 44.5946  3.56729e-10  3.56729e-10  i
 44.6446  3.34657e-10  3.34657e-10  i
 44.6947  3.13919e-10  3.13919e-10  i
 44.7447  2.94437e-10  2.94437e-10  i
 44.7948  2.76136e-10  2.76136e-10  i
 44.8448  2.58947e-10  2.58947e-10  i
 44.8949  2.42803e-10  2.42803e-10  i
 44.9449  2.27643e-10  2.27643e-10  i
 44.995  2.13408e-10  2.13408e-10  i
 45.045  2.00044e-10  2.00044e-10  i
 45.0951  1.87497e-10  1.87497e-10  i
 45.1451  1.7572e-10  1.7572e-10  i
 45.1952  1.64666e-10  1.64666e-10  i
 45.2452  1.54292e-10  1.54292e-10  i
 45.2953  1.44557e-10  1.44557e-10  i
 45.3453  1.35423e-10  1.35423e-10  i
 45.3954  1.26853e-10  1.26853e-10  i
 45.4454  1.18813e-10  1.18813e-10  i
 45.4955  1.11272e-10  1.11272e-10  i
 45.5455  1.04199e-10  1.04199e-10  i
 45.5956  9.75662e-11  9.75662e-11  i
 45.6456  9.13462e-11  9.13462e-11  i
 45.6957  8.55142e-11  8.55142e-11  i
 45.7457  8.00465e-11  8.00465e-11  i
 45.7958  7.49209e-11  7.49209e-11  i
 45.8458  7.01165e-11  7.01165e-11  i
 45.8959  6.56136e-11  6.56136e-11  i
 45.9459  6.13937e-11  6.13937e-11  i
 45.996  5.74394e-11  5.74394e-11  i
 46.046  5.37345e-11  5.37345e-11  i
 46.0961  5.02635e-11  5.02635e-11  i
 46.1461  4.7012e-11  4.7012e-11  i
 46.1962  4.39664e-11  4.39664e-11  i
 46.2462  4.1114e-11  4.1114e-11  i
 46.2963  3.84429e-11  3.84429e-11  i
 46.3463  3.59416e-11  3.59416e-11  i
 46.3964  3.35997e-11  3.35997e-11  i
 46.4464  3.14073e-11  3.14073e-11  i
 46.4965  2.9355e-11  2.9355e-11  i
 46.5465  2.74341e-11  2.74341e-11  i
 46.5966  2.56362e-11  2.56362e-11  i
 46.6466  2.39538e-11  2.39538e-11  i
 46.6967  2.23796e-11  2.23796e-11  i
 46.7467  2.09067e-11  2.09067e-11  i
 46.7968  1.95289e-11  1.95289e-11  i
 46.8468  1.82399e-11  1.82399e-11  i
 46.8969  1.70344e-11  1.70344e-11  i
 46.9469  1.59069e-11  1.59069e-11  i
 46.997  1.48526e-11  1.48526e-11  i
 47.047  1.38668e-11  1.38668e-11  i
 47.0971  1.29451e-11  1.29451e-11  i
 47.1471  1.20834e-11  1.20834e-11  i
 47.1972  1.1278e-11  1.1278e-11  i
 47.2472  1.05252e-11  1.05252e-11  i
 47.2973  9.82169e-12  9.82169e-12  i
 47.3473  9.16427e-12  9.16427e-12  i
 47.3974  8.55e-12  8.55e-12  i
 47.4474  7.9761e-12  7.9761e-12  i
 47.4975  7.43998e-12  7.43998e-12  i
 47.5475  6.9392e-12  6.9392e-12  i
 47.5976  6.47148e-12  6.47148e-12  i
 47.6476  6.03467e-12  6.03467e-12  i
 47.6977  5.62679e-12  5.62679e-12  i
 47.7477  5.24595e-12  5.24595e-12  i
 47.7978  4.8904e-12  4.8904e-12  i
 47.8478  4.55849e-12  4.55849e-12  i
 47.8979  4.24868e-12  4.24868e-12  i
 47.9479  3.95953e-12  3.95953e-12  i
 47.998  3.68968e-12  3.68968e-12  i
 48.048  3.43789e-12  3.43789e-12  i
 48.0981  3.20295e-12  3.20295e-12  i
 48.1481  2.98377e-12  2.98377e-12  i
 48.1982  2.77931e-12  2.77931e-12  i
 48.2482  2.58861e-12  2.58861e-12  i
 48.2983  2.41074e-12  2.41074e-12  i
 48.3483  2.24487e-12  2.24487e-12  i
 48.3984  2.09021e-12  2.09021e-12  i
 48.4484  1.94601e-12  1.94601e-12  i
 48.4985  1.81157e-12  1.81157e-12  i
 48.5485  1.68625e-12  1.68625e-12  i
 48.5986  1.56944e-12  1.56944e-12  i
 48.6486  1.46058e-12  1.46058e-12  i
 48.6987  1.35914e-12  1.35914e-12  i
 48.7487  1.26461e-12  1.26461e-12  i
 48.7988  1.17654e-12  1.17654e-12  i
 48.8488  1.09449e-12  1.09449e-12  i
 48.8989  1.01806e-12  1.01806e-12  i
 48.9489  9.46877e-13  9.46877e-13  i
 48.999  8.8058e-13  8.8058e-13  i
 49.049  8.18844e-13  8.18844e-13  i
 49.0991  7.61359e-13  7.61359e-13  i
 49.1491  7.07839e-13  7.07839e-13  i
 49.1992  6.58016e-13  6.58016e-13  i
 49.2492  6.11638e-13  6.11638e-13  i
 49.2993  5.68472e-13  5.68472e-13  i
 49.3493  5.28299e-13  5.28299e-13  i
 49.3994  4.90916e-13  4.90916e-13  i
 49.4494  4.56133e-13  4.56133e-13  i
 49.4995  4.23771e-13  4.23771e-13  i
 49.5495  3.93666e-13  3.93666e-13  i
 49.5996  3.65664e-13  3.65664e-13  i
 49.6496  3.39619e-13  3.39619e-13  i
 49.6997  3.15397e-13  3.15397e-13  i
 49.7497  2.92874e-13  2.92874e-13  i
 49.7998  2.71932e-13  2.71932e-13  i
 49.8498  2.52462e-13  2.52462e-13  i
 49.8999  2.34363e-13  2.34363e-13  i
 49.9499  2.17539e-13  2.17539e-13  i
 50  2.01903e-13  2.01903e-13  i

