[16:49:30]jmf02@login-3-internal:/work/jmf02/2018-05-TomHopper-MAPIs/0004-DielectFromRelaxed/ 
> . extract_dipoles.sh
CsPbBr-relaxed:
001 102.151368 .3268384317570441
002 102.097576 .33051776842484
003 102.085593 .32832175009576
004 36.614765 .00751191259301
005 36.556842 .0071204180521229
006 36.504076 .00742973551386
007 13.788997 .000002877615034884
008 13.499469 .000001650859287993
009 12.958305 .00000104872175226100
010 2.614882 .0005289093242841
011 2.517845 .0004788914386169
012 2.423638 .00044928391412
013 20.617391 .02871184064789
014 20.705843 .02987830200410
015 20.723740 .02951346585925
ERROR: LoadError: DomainError:
 in nan_dom_err at ./math.jl:196 [inlined]
 in ^(::Float64, ::Float64) at ./math.jl:355
 in isotropisedielectrictensor(::String) at /work/jmf02/2018-04-VASP-Oxides/0007-From0005_DFPT_calc/read-dielectrics.jl:10
 in include_from_node1(::String) at ./loading.jl:488
 in process_options(::Base.JLOptions) at ./client.jl:262
 in _start() at ./client.jl:318
while loading /work/jmf02/2018-04-VASP-Oxides/0007-From0005_DFPT_calc/read-dielectrics.jl, in expression starting on line 26
OUTCAR Direct-Bg: 1.418000 Indirect-Bg: 0.701500
        (Indirect-Bg: 0.701500 from VBM: 1.280600 at 0.500000 0.500000 0.500000 to CBM: 1.982100 at -0.166700 0.333300 0.333300)

/work/jmf02/2018-05-TomHopper-MAPIs/0004-DielectFromRelaxed
FAPbBr-relaxed:
001 3495.800077 1.3546770943165760
002 3488.457140 .1492227939197984
003 3393.771847 .134401358853954821
004 3353.723320 1.1285076514103970
005 3101.150462 .02263645613873268569
006 1745.176076 .918746227323340461
007 1604.109503 .265035531778307325
008 1506.342749 .047894393119858901
009 1358.792791 .01564042871697359621
010 1321.446232 .10305105674046726244
011 1158.559509 .0007527932918342
012 994.948324 .0772714383483509
013 985.926164 .06621811883430
014 680.202054 .0225777162104969
015 576.154307 .0003346695850566
016 508.434617 .001936195824940889
017 491.507527 .9130197360644597
018 398.048840 .0001304997138437
019 114.125230 .03978733406892744016
020 100.790513 .223458531117122481
021 89.353095 .03942932209685728144
022 88.341500 .02225158276393
023 68.995007 .411348594568822525
024 50.642030 .016380246970744549
025 47.598506 .0035914665924504
026 45.975085 .1475779565907290
027 41.604417 .01714947753012338861
028 37.500633 .0093255598013384
029 35.047638 .0116313388610132
030 33.722222 .006948027332700041
031 18.480578 .1793392652005945
032 0.891908 .000001229792292236
033 1.112119 .000001042480412525
034 1.550482 .000016948559987016
035 36.640240 .018664093936020724
036 175.550538 .0000641152821203
ϵ_optic = [4.15602 0.08992 -0.074432; 0.130231 3.78499 -0.100265; -0.081659 -0.104792 6.50562]
ϵ_optic_iso = 4.675311249178404
ϵ_ion = [143.299 -0.153311 -0.074101; -0.153311 24.3642 -0.069234; -0.074101 -0.069234 11.0565]
ϵ_ion_iso = 33.79612115611553
ϵ_static_iso=ϵ_optic_iso+ϵ_ion_iso = 38.47143240529394
OUTCAR Direct-Bg: 0.990200 Indirect-Bg: -0.196800
        (Indirect-Bg: -0.196800 from VBM: 0.919900 at 0.500000 0.500000 0.500000 to CBM: 0.723100 at 0.333300 0.000000 0.333300)

/work/jmf02/2018-05-TomHopper-MAPIs/0004-DielectFromRelaxed
FAPbI-relaxed:
001 3471.060129 3.10568486614169
002 3469.104432 1.68020406643829
003 3380.696043 .0259397551476125
004 3342.506173 1.6986821384954916
005 3095.708829 .014410538895835689
006 1734.428506 6.99017488546010
007 1596.351032 .30720496284113
008 1516.432244 .4420847887704585
009 1353.784722 .0155909992603433
010 1320.960284 15.5141197502728933
011 1132.328464 .0057613397697721
012 997.379514 .0074700106925636
013 989.357693 3.8668903534691809
014 678.519687 .0189136827126788
015 571.547890 11.329736913651349129
016 511.720747 .8730624716533733
017 503.415762 .0063698054117665
018 460.138494 5.94064870535242
019 90.142472 .037011208376074525
020 82.050338 .1855322021327250
021 75.398858 .00289709134615632001
022 64.862845 .0670440142919225
023 64.525373 .40428998789333
024 64.243544 .0330490214138196
025 44.714501 .366930253038378596
026 39.812419 .0034430995900680
027 33.627733 .2172370539181210
028 29.171058 .0108762139076036
029 28.467503 .0173176883709346
030 25.029531 .005386664735948900
031 0.697363 .000109677528099021
032 0.822353 .0000042231557870
033 0.991675 .0000057008772940
034 8.575867 .003795177836443721
035 41.325238 .0309185574026784
036 103.665197 1.4740131477947561
ERROR: LoadError: DomainError:
 in nan_dom_err at ./math.jl:196 [inlined]
 in ^(::Float64, ::Float64) at ./math.jl:355
 in isotropisedielectrictensor(::String) at /work/jmf02/2018-04-VASP-Oxides/0007-From0005_DFPT_calc/read-dielectrics.jl:10
 in include_from_node1(::String) at ./loading.jl:488
 in process_options(::Base.JLOptions) at ./client.jl:262
 in _start() at ./client.jl:318
while loading /work/jmf02/2018-04-VASP-Oxides/0007-From0005_DFPT_calc/read-dielectrics.jl, in expression starting on line 26
OUTCAR Direct-Bg: 1.176100 Indirect-Bg: 0.269900
        (Indirect-Bg: 0.269900 from VBM: 1.658500 at 0.500000 0.500000 0.500000 to CBM: 1.928400 at 0.333300 0.000000 0.000000)

/work/jmf02/2018-05-TomHopper-MAPIs/0004-DielectFromRelaxed
MAPbBr-relaxed:
001 3158.854475 1.28580764805650
002 3146.025411 .45003739029025
003 3104.893926 .8674913457848224
004 3086.823510 .067994297847172321
005 3083.217712 .001810887870159433
006 2985.739909 .009500883536900321
007 1577.829877 .22533735610238551289
008 1545.162352 .1536283820743089
009 1489.425960 .178513429682062736
010 1431.126258 .028786249379357224
011 1423.828487 .024159793465240589
012 1388.214430 .016535439472985216
013 1243.879564 .00005356621863726304
014 1222.070353 .00567299852919141329
015 1018.316914 .00620420324505543649
016 918.833515 .036440535034650004
017 890.477450 .022892496681704356
018 328.881036 .00918821738069471782
019 155.329356 .042180641153799805
020 149.127544 .078411778518290164
021 107.133997 .0054202417172021
022 105.761747 .0890433392205589
023 92.841204 .16114954995376328356
024 82.636762 .3332377764887090
025 73.566207 .3625910740281509
026 71.944672 .0163001963446045
027 59.676941 .02319318967005364025
028 47.391754 .004135143957613561
029 42.604436 .0074173172339238
030 41.425985 .000638369816229225
031 39.913800 .01699792521269429441
032 28.213672 .001173981325615184
033 17.754924 .01293763599479336201
034 0.273470 .000001202251655736
035 0.474362 .00000406889908167400
036 0.728817 .000002605413740557
ϵ_optic = [5.11195 -3.0e-6 -0.026522; 0.000146 4.76409 9.6e-5; -0.026215 0.000297 4.64663]
ϵ_optic_iso = 4.836863138692498
ϵ_ion = [19.1753 -0.019641 -1.0033; -0.019641 22.5305 0.043244; -1.0033 0.043244 9.74229]
ϵ_ion_iso = 16.11664612745474
ϵ_static_iso=ϵ_optic_iso+ϵ_ion_iso = 20.953509266147236
OUTCAR Direct-Bg: 1.826500 Indirect-Bg: 1.826500
        (Indirect-Bg: 1.826500 from VBM: 0.611800 at 0.500000 0.500000 0.500000 to CBM: 2.438300 at 0.500000 0.500000 0.500000)

/work/jmf02/2018-05-TomHopper-MAPIs/0004-DielectFromRelaxed
MAPbI-relaxed:
001 3207.275177 .5230187517886961
002 3106.313314 1.76531201538309
003 3097.733637 .61532431365625
004 3084.293794 .00810298530148
005 3077.508173 .098655153616666625
006 2981.728800 .005086000082121504
007 1564.066842 .25513917383300007521
008 1548.250739 .146146149025119641
009 1468.852801 .217346476559622329
010 1430.738563 .013595742614606756
011 1423.300138 .029643597988202344
012 1383.309006 .01716815918399142809
013 1237.071512 .001006931052333640
014 1218.469225 .022016949373897876
015 1007.451655 .008890231651555409
016 912.546454 .047057226732933509
017 878.926445 .055377452250160001
018 317.392418 .000777452779950922
019 133.062159 .087273088333820820
020 128.800297 .006677194414339728
021 117.533361 .058655905156425329
022 91.390169 .027465834428965796
023 81.104501 .23932113959495124432
024 74.938456 .273855040761440225
025 69.053830 .2184101723505529
026 64.123399 .0619520919825265
027 56.984134 .0461832359647416
028 34.318251 .010528456963997489
029 32.591508 .0048394213355934
030 32.420775 .0091326103486589
031 28.621277 .013404821796399824
032 26.510441 .00131125248979328144
033 18.499793 .00735480757817838981
034 0.047313 .00000000106467434069
035 0.219878 .000000499923412610
036 0.307852 .00000042185718381000
ϵ_optic = [6.30689 0.000391 -0.065514; 0.000585 6.22192 -0.00027; -0.065418 0.000221 5.94476]
ϵ_optic_iso = 6.15566460992866
ϵ_ion = [16.8647 0.011095 -0.235584; 0.011095 16.3421 0.007289; -0.235584 0.007289 13.1893]
ϵ_ion_iso = 15.374462184673279
ϵ_static_iso=ϵ_optic_iso+ϵ_ion_iso = 21.53012679460194
OUTCAR Direct-Bg: 1.546800 Indirect-Bg: 1.546800
        (Indirect-Bg: 1.546800 from VBM: 1.407200 at 0.500000 0.500000 0.500000 to CBM: 2.954000 at 0.500000 0.500000 0.500000)
/work/jmf02/2018-05-TomHopper-MAPIs/0004-DielectFromRelaxed


